64554.5
71138.7
77253.3
77340.8
79860.8
81103.4
75227.6
66933.3
59458.3
55029
52930.9
50795
47474.5
45387.2
48597.7
48590.3
45276.9
42160.3
38284.1
34675.5
32918.1
32352.3
31597
33643.7
37522.9
41738.6
44282.9
43804
46397.2
49180.2
50711.8
49087.6
47361
47937.2
47312.7
46389.9
44270.4
42606.6
40838.8
39294.3
37191
37542.9
35328.5
26617.2
22759.7
23044.8
22618.1
24095.6
26096
28981.9
33023
37690.5
42192.5
47105.2
52032.4
65306.7
70662
71308
72310.9
72280
44216
43913
43376.3
42542.3
40884.9
39135.4
37649.7
36419.8
34932.4
34470.2
35538
39486
47078
57181.2
67483
77680
85654.6
91747.4
94736
95022.9
93227.1
89682.6
84835.9
78945
72900
67639.9
63308.6
59440.8
56671.4
53604.3
51503.3
50821
51905.6
53945.5
57334.5
62176.1
69307.6
77579.4
84499.1
89747.8
92218.1
92919.9
91607.3
88498.1
83637.7
77942.1
71504.7
64351.9
57646
51737.6
47090.5
42541.9
38920.3
35711.6
34006.8
34094.8
36174.3
39074.5
43613.9
49710.3
57261.4
65486
71686.9
75234.5
75857.3
75401.9
71047.4
63453.2
56445.2
49894.2
42415.3
35297.2
29993.4
26904.1
24368.5
21834.7
20025.6
18208.6
18076.7
20074.8
23301.8
26726.8
31461
38182.2
45704.1
52465
57349.8
60209.9
59797.9
57360.4
52856.6
46894.1
40352.6
34973.7
30018.9
23931.9
18938
16607.4
14675.6
12079.4
10704.4
10701.6
12042.5
14593.8
18515.9
22908.6
28434.9
35777.1
44267
52256.8
58630.7
63539.9
64505.3
61994.4
57994.1
52385.3
45983.9
39586.6
33704.6
28103
23162.4
21027.2
20588
19198.4
18701
19966.7
22330.6
25726.6
29449.5
34039.8
39579.2
45491.5
51822.1
57508.8
60888.4
62136.3
61084.1
58762.3
55028.9
50414.3
45849.6
41418
36513.8
32040.9
27885
25339.1
23820.8
22813.1
22052.8
21086.2
21815
23884.6
25834.4
27270.8
30215.5
34621.2
39640.9
44542.5
48749.1
52370
55032.8
56344.6
56286.2
54789.7
52459.6
50297.7
47643.7
44804.2
42636.5
41435.7
40863.1
39736.2
37400.8
34496.4
32843.8
31829.4
31136.8
31384.9
33198.9
37421.3
45773.9
55908.1
65068.2
73384.2
79713.1
83518.4
84125.8
82440.3
78748.5
74264
69024.2
63576.5
57919.3
53392.8
49705.5
46196.9
43115.8
39905.8
38506.6
38986.2
40457.5
42907
46567.9
52099.1
60222.3
69257.2
76201.9
82355.6
86395
87763.5
86557.5
83357.5
77983.4
71189.5
64489.2
57131.7
50708.8
45474
41984.6
38713.5
35961.4
33386.6
33508.7
35293
37818.7
41859.8
47278.7
54317.3
63686.5
74026.3
80927.3
85348.5
86618.9
85507.3
80796
73979.1
67255.3
60748
53877.6
47256.6
42038.9
38110.8
35309.8
32765
30528.7
28044.7
28703.5
31585.9
34958.5
39159.7
45092.4
52433.9
61686.8
70522.7
76943.6
81086.5
82184.2
81126.9
76630.6
70151.5
63624
57623.8
50915.4
44347.7
39701
36935.6
34474.8
33018.8
31417.4
30221.3
31839.6
35011.1
38191.2
41926.5
47539.5
54887.6
63419.7
71345.2
75633.9
78453.2
78409.9
75804.7
70662.5
64415.2
58539.5
52959.8
46346.9
39941.3
35204.2
32150.7
29901.9
27609.2
25662.3
24476.5
25672.5
28085.6
30281.3
33029.2
37359.4
41983
46421.7
49688.6
51625.3
51696.1
50168
47804.1
44166.1
39630.8
35859.3
32330.3
27622.6
23388.5
21091.9
19685.9
18128.7
16531.1
15446.3
14658.5
15848.8
16554.6
18010.7
19146.8
23113.7
27347.1
32057.5
36225.8
40368.3
44264.2
46641
47805.3
48188.6
47298.3
45593.9
44095.1
40959.7
38433.6
36860.8
36996
35896.7
34966.8
33180.9
31968.7
31076.2
30605.9
30158.3
30805.9
32856.9
37125.3
45391.9
54918.3
64008.1
72171.5
78120.7
81512.5
81803.9
79864
76127.4
71579.8
66284.4
61062.4
55514.8
51316.6
47518.4
44294.4
40915.5
38401.1
37712.6
38601
40399.8
43944.1
48131.2
53618.8
61720.8
70337.6
77282.8
81914.1
84059.7
84123.6
81628.2
76848.6
71423.9
65276.1
58906.1
52288.8
46253.9
41448.8
37146.6
33676.6
30378.1
27852.6
27740.3
29498.8
32155
36026.8
41556.6
48710.8
57726.5
66489.8
72901.1
76422
76467.4
74923.2
70475.9
63978.1
57648.3
51351.7
44411.1
37697.9
32617.8
29126.4
26566.5
24677.4
22898.6
21711.9
23435
26643.2
30509.9
34983.3
41181.9
48985.7
58800.1
67840.6
74221.7
78052.8
78526.4
76836.7
72428.4
65956.4
59304.9
52706.5
45754.6
39024.3
33764
30820.2
28897.5
26893.5
24979.5
24151.3
26206.2
29499.1
33539.1
38543.6
45150
53077.1
62938.2
71623.5
77560.4
80963.5
80794
78522
73491.1
66631.4
60005.6
53219.3
46316.8
39806.1
34748.5
31515.2
29344
27576
26153.4
25967.4
28344.2
31973
35855.3
40237.8
45740.2
51984.7
57861.4
62319.7
64711.4
65097.8
62967.9
59785.9
55353.2
49963.6
44877.5
40126.4
34995.9
30230.4
26429.5
24072.7
22194.2
20359.2
18393.5
17609.6
18464.8
20194.4
21769
23625.1
27189.2
31892.8
36764
40891.1
44500.6
47262.2
48430.1
48521.3
47417.5
45462.8
43607.1
41281.9
38415.8
35699.1
33535.4
32310.6
31314.5
30070.1
28473.4
27392.5
27182.1
27006.9
27203.9
28067.8
30496.1
34934.4
43498.9
53268
62648.5
71221.4
77452.5
81729.3
82706.7
80948.2
77696.6
72917.6
67483.2
61975.3
56553.8
52286.8
48833.1
45777.8
43297.5
41107.8
40725.8
42086.6
44239.2
47491.7
50850.8
55920.3
63794.3
72180.3
78678.7
82892.8
84275.5
84507.6
82258
77890
72603.5
66647.8
60440.8
53665.3
47680.6
42885
38955.7
35705.7
32619.3
30175.3
30275.4
31963.2
34447.6
37940
42954.2
49705.7
58656.1
67384.7
73163
75850.8
75170
72891.3
67855.3
60801.5
54028.7
47270.5
40145.7
33414
28568.1
25703.2
24107.2
22401.7
20561
19556.2
21247.2
24553.5
28301.5
32441.8
38048.4
45645.6
55358.7
64446.6
70100.6
72827.9
72237
69817.2
64683.3
57908.8
51310.8
45067.9
38551.4
31838.3
27219.8
24847.2
23562.7
22882.4
21877.4
21604.2
24310
28264.5
33002.8
37453.3
43556.6
51594.1
61028
69250.3
74351.6
76411.7
75042.4
71763.9
66248.3
59163.9
52258.7
46276
39261.2
33059.5
28178.3
25478.8
24357.9
23026.4
21736.8
21646
24151.4
27969.8
31870.6
36175.7
41776.1
48065.6
54076.6
57751.6
59099.4
57940.6
54924.2
50462.3
44839.9
39159.1
34613.7
30306.9
25365.3
21076.7
17930.1
16913.3
16252
15591.6
14392
13894
14947.4
17185.2
18610.4
20921.3
24793.6
29692.5
35069.4
39102.7
42525.1
44416.8
45494.7
44470.3
42942.8
40073.9
38051.1
34735.1
32404.4
29246.4
27980.2
28094.9
28244.6
28519.2
27840.5
27663
27690.1
28884.4
28933.6
30921.5
31979.8
36317.6
43154.4
52552.7
60821.8
68582.9
73885.7
77200.1
77790.6
76103.8
72289.8
67641.7
62051.2
56725.6
52026.8
48170.1
45389.6
43027.7
41144.7
39597.1
39467
41620.8
43916.5
47822.9
51424.9
56991.1
64768.8
73109.4
78403
81742.3
81941.2
80710.6
77921.1
72566.9
67470.4
60603.3
55132.3
48352.6
43392.9
39232.3
36527.8
33269.4
31482
28873.4
30356.4
32144
35406.1
39364.6
43951.5
50564.6
59554.7
67291.9
71611.1
72684.1
70728.7
66931.7
61432.3
54799.6
47885.4
41490.9
35331.8
30046.5
26216.8
24989.9
24382.8
24129.5
22698.4
22345.6
24793.9
28180.7
31492.5
35606.9
40029.2
45930.2
53115.9
59904.8
63366.3
64609
63272.2
61121.6
56690.6
51038.9
44957.8
39314.8
33103.4
28095.7
24482.8
23181.4
22303.3
21664.7
19933
19337.8
21718.4
24821.7
28011
31141.9
35623.1
41242.1
47773.4
52794.7
56097
56325.3
54588.1
51479.2
47214.4
41590
37132
33431.1
29068.8
25172.3
22691.2
21828.7
20998.4
19662.3
18082
17614.8
19239
22055.6
24095.9
26410.2
29604.5
34248.1
40675.2
45518.2
49230.3
51834.1
52504.9
51553.6
49574.1
47119.2
45214.2
43392.7
40883
38764.8
37329.4
37154.4
37172.8
37314.5
36833.8
37477.9
39379.5
41738.4
43591.8
45771.2
48622.5
52404.6
56287.4
59891.7
62875.7
64567.8
63703.5
62296.5
60908.6
59508.6
58751.6
57453.9
56358.2
54902.8
53656.1
52380.2
51531.8
50188.1
48282.3
46578.9
44446.4
42258.2
40469.4
39587.7
39057.7
39322.9
40230.5
41947.2
43448.7
45074.8
46052
46908.5
47935.5
48771.6
49354.6
48994.9
47916.5
45982.4
44202.6
41753.9
39975.4
37961.8
35580
33030.7
31323.7
29896.9
29066.7
28667.7
29120.4
30805.7
33374.7
36965.2
40646.5
44874.2
48903.3
52458.4
55572.4
58092.6
59634.4
60534
60928.8
60063.7
58056.8
55640.8
53448.7
51270.1
48014
44832.1
42385.4
40618.3
39687.1
39963.4
42069.4
45147.2
49229.8
54453.8
59808.1
64836.2
69085.4
72670.7
74552.4
74495.7
73623.4
71965.4
69514.2
66617.6
63471.6
60094.8
57041.2
53791.6
50535.3
47612.2
45856.4
44067.3
43188
43707.4
45137.8
47620.5
51295.8
55641.4
60216.1
63651.4
66538.1
68592.4
68715.6
67919.4
66500.8
65034.7
62484
59212.5
56302.8
53091.2
49520.2
46584.7
43293.8
40118.8
38203.4
36590.2
35881
36024.6
37526.7
40403.4
43753.9
47901
52244.7
56177.9
58770.4
60233.4
60630.3
60294.6
58429.6
56548.1
54011.4
50910.6
47458.3
44342.6
41379.9
38076.3
35103.9
33053.4
31606.3
30495.9
30614.6
31207
32794.5
35309
38306.4
41620.2
45365.4
48622.8
51203.5
52992.5
53915.2
54591.6
54252.2
52977.4
51509.3
49266.3
47229.7
45142.8
43386.6
41425.1
38839.1
36193.7
34522.8
32921.5
32114
32279.1
33684.1
36548.2
40054.2
44803.2
49872.4
54584.9
58743.3
62449.4
64776.1
65616.9
66022.8
65603.8
63621.2
61123.8
58838.7
56566.2
53945.5
51336.1
48801.7
45876.7
43247.8
41799.9
40698
40438
41213.5
43202.5
45803
49542.6
54449
59417.1
63566.5
67220
70091.4
71699.5
71790.6
70652
68862.1
65654.6
62198.9
59084.5
55045.8
50955.5
47204.7
43529.7
40337.7
37782.4
36686.7
36789.8
37732
40826.8
47594.2
55870.5
64004.6
71892.5
78173.9
81720.3
83441.8
82912.2
79761.6
75118
70161.9
65130.2
59811
55032
51522.4
48715.3
45629.4
42843
41969.6
42549.5
44084.6
46868.2
50671.9
56311.3
65800.3
76004.7
84032.9
89394.4
91975.5
92347.9
89900.4
85273.5
78986.7
72093.4
65462.3
58672.4
52574
48420.2
45042.4
42534.6
39925.6
37597.5
38006.7
40313.4
43529
47763.1
53463.1
61085.7
70920.9
79943.4
85808.6
88819.6
88921.2
87075.5
82145
75354.6
67794.2
60240.4
52361.2
44596.3
39173.8
35623.9
33434.7
31646.3
29693.4
28254.4
30167.6
33424.2
37306.3
41447.3
47489.9
55432.6
65366.6
74305.5
79870.5
82776.5
82341.5
79653.6
73968.6
66256.2
58054.9
50217.7
42132.2
35144.6
30683.4
28712.4
27229.9
26079.8
25047.5
24558.4
27232.9
31504.2
35789.6
40422.3
46738.3
53352.8
59708
64517.8
67171.7
67484.5
64961.1
61348.8
55979.2
50123.7
44817.8
40091.9
35065.6
30985.8
28374.4
27260.4
25662
23482.2
21292.3
20339.5
21359.8
23167.8
25073.5
27428.6
31644.3
36438.2
41819.5
46749.2
51308.5
54579.6
56210.8
56361.2
55023.9
52729.4
50669
47799.7
44624.5
41691.6
40213.4
38985.3
37953.4
37030.9
35605.5
34746.1
34304.3
34314
33907.6
34794.9
36429.9
40570.9
49624.2
60678.9
70817.7
79612.8
85892.3
89317.4
89574.1
87524.3
83406.3
77685.9
71932.3
66242.8
60470.1
55755.1
52009.3
49263.8
46447.5
44042.2
43527.7
44824.9
47255.6
50710.5
55164.6
61188.6
69640.9
78621.1
85094.7
88857.6
90061.5
89419.2
86301.3
81364.6
75302.8
68943.1
62538.7
55713.7
49624.6
44525.9
40501.5
36973.6
33568.5
31020.8
30830
32823.7
35892.8
39843.5
45705.5
52943.5
62681.8
71274.9
77405.4
80429.4
80079.1
77866
72416.5
65215.9
58089.9
51042.3
43696.8
37048
32134.5
28977.7
26916.3
25423.7
23575.5
22521.3
24282.5
27616.1
31432.5
35879.9
42317.5
50166.3
59890.5
68560.6
74557.1
77685.2
77580.7
75236.6
70517.2
63785
56904.5
50116.2
42798.7
35891.1
30739.4
27694.1
25294.6
23606.4
22127.8
21596
23532.5
27480.8
31562.1
36297.9
42430
50127.6
60187.2
68992.8
75018.2
77933.2
77049.9
74587
69187.7
62294
55307
48178.9
41038.6
34121.7
28817.5
25954.6
24008.3
22278.1
